0 50 
1085 750 994 
1.0 1.0 1.0 
1.0 0.2
 
0 70 
1000 740 994 
1.0 1.0 1.0 
1.0 1.0
 
0 75 
980 760 1010 
1.0 1.0 1.0 
1.0 1.0
 
0 85 
1000 770 1030 
1.0 1.0 1.0 
1.0 1.0
 
0 75 
950 750 1010 
1.0 1.0 1.0 
1.0 1.0
 
0 75 
900 750 1030 
1.0 1.0 1.0 
1.0 1.0
 
0 80 
870 780 1060
1.0 1.0 1.0 
1.0 1.0
 
999 80 
890 800 1070
1.0 1.0 1.0 
1.0 1.0
 
0 50 
1185 430 394 
1.0 1.0 1.0 
1.0 0.2
 
0 70 
1100 420 394 
1.0 1.0 1.0 
1.0 0.2
 
0 75 
1080 440 410 
1.0 1.0 1.0 
1.0 0.2
 
0 85 
1100 450 430 
1.0 1.0 1.0 
1.0 0.2
 
0 75 
1100 430 410 
1.0 1.0 1.0 
1.0 0.2
 
0 75 
1000 430 430 
1.0 1.0 1.0 
1.0 0.2
 
0 80 
970 460 460
1.0 1.0 1.0 
1.0 0.2
 
999 80 
990 460 470
1.0 1.0 1.0 
1.0 0.2
 
555 12 
315 81 0 
0.0 0.0 0.0 
1.0 1.0 

555 6 
269 41 5 
0.960784313 0.960784313 0.862745098 
1.0 1.0 

555 6 
332 85 40 
0.960784313 0.960784313 0.862745098 
1.0 1.0 

0 50 
85 650 1994 
1.0 1.0 1.0 
1.0 1.0
 
0 70 
0 640 1994 
1.0 1.0 1.0 
1.0 1.0
 
0 75 
-20 660 2010 
1.0 1.0 1.0 
1.0 1.0
 
0 85 
0 670 2030 
1.0 1.0 1.0 
1.0 1.0
 
0 75 
-50 650 2010 
1.0 1.0 1.0 
1.0 1.0
 
0 75 
-100 650 2030 
1.0 1.0 1.0 
1.0 1.0
 
0 80 
-130 680 2060
1.0 1.0 1.0 
1.0 1.0
 
999 80 
-110 700 2070
1.0 1.0 1.0 
1.0 1.0
